5

 0 51 82 17 39
51  0 14 23 17
82 14  0 53 21
17 23 53  0 61
39 17 21 61  0

 0 3 14 44 29
 3 0 8 87 99
14 8 0 68 39
44 87 68 0 51
29 99 39 51 0 

 0 3 14 44 29
 3 0 8 87 99
14 8 0 68 39
44 87 68 0 51
29 99 39 51 0